31
0
20 11 44 10 11 14 1 1 1 2 1 12 1 13 1 30 0 3 0 4 0 5 0 6 0 7 0 8 0 9 0 15 0 29 0 16 0 17 0 18 0 
1
20 12 248 3 193 13 169 11 119 16 106 14 61 22 48 17 43 10 35 21 27 23 23 6 7 20 6 7 2 15 1 0 1 29 0 18 0 19 0 24 0 
2
20 3 884 16 753 4 630 6 508 28 470 14 394 29 391 15 314 5 267 7 223 20 219 23 212 22 188 12 187 27 183 21 169 8 150 24 138 13 133 11 97 
3
20 4 1429 6 924 28 906 29 894 2 884 16 817 15 767 14 533 5 478 7 379 20 375 23 369 22 358 21 323 27 299 30 285 8 252 24 240 1 193 11 155 
4
20 29 1640 3 1429 28 1283 6 1255 15 1121 5 986 16 775 30 728 7 694 2 630 27 629 14 577 23 476 20 465 8 454 24 417 22 388 21 387 19 178 17 36 
5
20 27 1682 29 1358 24 1094 28 1027 4 986 7 965 15 740 30 600 19 562 8 509 3 478 16 347 14 343 20 312 23 280 2 267 21 208 22 193 25 180 18 160 
6
20 28 2052 4 1255 3 924 23 794 29 752 20 746 7 723 16 687 21 664 27 650 22 644 8 566 15 535 2 508 24 350 14 300 17 44 11 9 30 8 1 7 
7
20 21 1245 8 1213 20 1119 22 1047 5 965 24 932 23 915 27 897 6 723 4 694 28 634 29 570 15 562 19 519 3 379 14 331 30 328 16 263 2 223 25 88 
8
20 7 1213 20 897 21 865 24 794 22 748 27 678 23 674 6 566 5 509 28 488 18 456 4 454 25 436 19 435 30 330 15 306 9 289 29 272 3 252 16 187 
9
20 25 326 18 326 24 310 8 289 27 266 30 189 19 184 5 90 7 42 15 28 29 7 14 5 20 4 4 4 21 2 26 1 22 1 23 1 1 0 2 0 
10
20 17 144 11 130 16 50 3 43 1 35 2 29 13 18 0 11 14 8 21 5 22 5 20 2 7 0 8 0 6 0 9 0 5 0 4 0 10 0 30 0 
11
20 3 155 16 140 10 130 1 119 17 113 2 97 13 58 0 44 22 37 21 23 14 19 23 17 6 9 20 4 7 2 12 2 8 0 5 0 4 0 9 0 
12
20 1 248 2 187 13 96 14 32 17 2 11 2 15 1 0 1 22 0 10 0 28 0 27 0 3 0 4 0 5 0 6 0 7 0 8 0 9 0 26 0 
13
20 1 169 2 133 12 96 14 73 3 68 11 58 16 50 17 28 10 18 22 13 23 11 6 6 21 5 15 1 7 1 0 1 20 1 29 0 13 0 18 0 
14
20 4 577 3 533 15 519 29 430 2 394 5 343 7 331 30 318 28 304 6 300 27 259 16 240 24 229 19 178 8 159 20 111 23 109 22 105 21 82 13 73 
15
20 4 1121 29 988 3 767 5 740 30 673 7 562 28 541 6 535 14 519 27 517 24 463 2 314 8 306 19 293 16 283 20 251 23 213 21 173 22 170 25 43 
16
20 3 817 4 775 2 753 28 694 6 687 29 538 5 347 23 309 15 283 7 263 20 262 14 240 22 239 27 236 21 229 8 187 24 158 11 140 17 115 1 106 
17
20 10 144 16 115 11 113 3 86 2 73 6 44 1 43 28 39 4 36 23 28 13 28 14 26 22 14 21 9 7 5 20 4 12 2 8 1 5 0 9 0 
18
20 25 1050 24 530 19 508 8 456 27 404 26 365 9 326 30 240 5 160 7 63 15 37 2 1 20 0 18 0 1 0 3 0 4 0 28 0 6 0 23 0 
19
20 24 816 27 717 5 562 7 519 25 515 18 508 30 444 8 435 29 310 15 293 26 225 9 184 4 178 14 178 20 0 1 0 2 0 3 0 28 0 6 0 
20
20 21 1613 22 1287 7 1119 23 953 8 897 6 746 28 664 4 465 3 375 5 312 24 281 16 262 15 251 29 226 27 226 2 219 14 111 1 6 17 4 11 4 
21
20 22 1951 20 1613 7 1245 23 1179 8 865 6 664 28 545 4 387 3 323 16 229 5 208 15 173 2 169 24 156 29 114 27 106 14 82 1 27 11 23 17 9 
22
20 21 1951 23 1337 20 1287 7 1047 8 748 6 644 28 567 4 388 3 358 16 239 5 193 2 188 15 170 24 115 29 108 14 105 27 90 1 48 11 37 17 14 
23
20 22 1337 21 1179 20 953 7 915 6 794 28 683 8 674 4 476 3 369 16 309 5 280 15 213 2 212 29 187 24 183 27 173 14 109 17 28 1 23 11 17 
24
20 27 1629 5 1094 7 932 19 816 8 794 25 623 29 612 30 551 18 530 15 463 4 417 28 368 6 350 9 310 20 281 3 240 14 229 23 183 16 158 21 156 
25
20 18 1050 24 623 19 515 27 458 8 436 26 412 9 326 30 276 5 180 7 88 15 43 4 3 20 0 21 0 1 0 2 0 3 0 28 0 6 0 25 0 
26
20 25 412 18 365 19 225 9 1 30 0 7 0 11 0 10 0 8 0 6 0 13 0 5 0 4 0 3 0 2 0 1 0 12 0 15 0 14 0 29 0 
27
20 5 1682 24 1629 29 975 7 897 30 781 19 717 8 678 28 653 6 650 4 629 15 517 25 458 18 404 3 299 9 266 14 259 16 236 20 226 2 183 23 173 
28
20 6 2052 4 1283 5 1027 29 937 3 906 16 694 23 683 20 664 27 653 7 634 22 567 21 545 15 541 8 488 2 470 24 368 14 304 30 58 17 39 12 0 
29
20 4 1640 5 1358 15 988 30 982 27 975 28 937 3 894 6 752 24 612 7 570 16 538 14 430 2 391 19 310 8 272 20 226 23 187 21 114 22 108 9 7 
30
20 29 982 27 781 4 728 15 673 5 600 24 551 19 444 8 330 7 328 14 318 3 285 25 276 18 240 9 189 28 58 6 8 20 1 10 0 2 0 1 0 
